  1      0.9804          56.03
  2      0.9373          60.77
  3      0.906          52.18
  4      0.9019          63.33
  5      0.8634          59.36
  6      0.8605          65.77
  7      0.8237          61.15
  8      0.8594          65.38
  9      0.8168          65.9
  10      0.8128          65.9
  11      0.838          66.67
  12      0.7941          66.15
  13      0.7854          67.18
  14      0.7757          67.44
  15      0.7423          66.41
  16      0.745          70.64
  17      0.7351          71.03
  18      0.6896          69.74
  19      0.673          71.41
  20      0.6625          72.82
  21      0.6571          72.44
  22      0.6549          74.87
  23      0.6315          74.1
  24      0.6112          76.41
  25      0.5717          78.21
  26      0.5565          76.41
  27      0.5459          74.74
  28      0.5646          77.95
  29      0.5133          79.62
  30      0.4866          80.9
  31      0.4903          82.82
  32      0.4802          84.74
  33      0.4511          83.97
  34      0.4026          88.33
  35      0.3523          89.23
  36      0.3127          88.85
  37      0.3336          87.95
  38      0.2985          90.64
  39      0.3044          86.92
  40      0.329          87.69
  41      0.2523          93.33
  42      0.2129          93.97
  43      0.1794          95.77
  44      0.1712          94.49
  45      0.2086          89.87
  46      0.1997          93.72
  47      0.1895          95.51
  48      0.1226          97.82
  49      0.0765          97.95
  50      0.0799          98.59
  51      0.0792          98.97
  52      0.0624          98.72
  53      0.0457          98.97
  54      0.0573          98.97
  55      0.0812          98.72
  56      0.0943          96.92
  57      0.1269          95.77
  58      0.111          96.28
  59      0.0691          98.72
  60      0.0452          99.23
  61      0.0375          99.23
  62      0.0373          98.72
  63      0.0411          99.23
  64      0.0334          98.33
  65      0.0573          97.82
  66      0.0516          99.49
  67      0.0216          99.62
  68      0.0144          99.49
  69      0.0182          99.49
  70      0.0219          99.62
  71      0.0155          99.62
  72      0.0128          99.49
  73      0.0136          99.62
  74      0.0158          99.74
  75      0.0187          99.62
  76      0.0096          99.74
  77      0.0089          99.74
  78      0.0113          99.74
  79      0.0123          99.62
  80      0.0102          99.62
  81      0.009          99.49
  82      0.0136          99.49
  83      0.0402          97.95
  84      0.0406          98.21
  85      0.0701          97.56
  86      0.0422          99.62
  87      0.0195          99.62
  88      0.0169          99.49
  89      0.0187          99.49
  90      0.0172          99.49
  91      0.0164          99.74
  92      0.0113          99.74
  93      0.0099          99.74
  94      0.0146          99.74
  95      0.0111          99.62
  96      0.0074          99.74
  97      0.0105          99.74
  98      0.0062          99.74
  99      0.0152          99.62
  100      0.0147          99.74
  101      0.0158          99.87
  102      0.0185          98.72
  103      0.0118          99.74
  104      0.0116          99.87
  105      0.011          99.74
  106      0.0085          99.87
  107      0.0061          99.74
  108      0.0064          99.74
  109      0.0065          99.87
  110      0.0078          99.62
  111      0.0133          99.74
  112      0.0066          99.74
  113      0.0096          99.74
  114      0.0063          99.74
  115      0.0068          99.87
  116      0.0096          99.87
  117      0.0072          99.74
  118      0.0064          99.87
  119      0.0044          99.87
  120      0.0049          99.74
  121      0.004          99.87
  122      0.0044          99.74
  123      0.005          99.87
  124      0.0035          99.87
  125      0.0056          99.87
  126      0.006          99.74
  127      0.0051          99.87
  128      0.0045          99.87
  129      0.0068          99.87
  130      0.0063          99.87
  131      0.0089          99.87
  132      0.007          99.87
  133      0.0036          99.87
  134      0.0037          99.87
  135      0.004          99.87
  136      0.0044          99.87
  137      0.0082          99.74
  138      0.003          99.74
  139      0.0073          99.74
  140      0.0054          99.62
  141      0.0142          99.36
  142      0.0278          99.36
  143      0.3262          91.03
  144      0.2594          95.51
  145      0.1032          99.49
  146      0.1232          98.85
  147      0.0492          99.62
  148      0.02          99.74
  149      0.0132          99.62
  150      0.017          99.74
  151      0.0097          99.87
  152      0.0112          99.62
  153      0.0249          99.74
  154      0.01          99.87
  155      0.0088          99.74
  156      0.0061          99.87
  157      0.0056          99.87
  158      0.0064          99.87
  159      0.0055          99.87
  160      0.0052          99.87
  161      0.0049          99.87
  162      0.0043          99.74
  163      0.0084          99.74
  164      0.0095          99.87
  165      0.0048          99.87
  166      0.0082          99.87
  167      0.0064          99.87
  168      0.0062          99.74
  169      0.0039          99.74
  170      0.0055          99.87
  171      0.004          99.87
  172      0.0031          99.87
  173      0.0033          99.87
  174      0.0032          99.87
  175      0.0034          99.87
  176      0.0034          99.87
  177      0.0028          99.87
  178      0.0045          99.87
  179      0.0025          99.87
  180      0.0038          99.87
  181      0.0024          99.87
  182      0.0033          99.87
  183      0.0023          99.87
  184      0.0031          99.87
  185      0.0035          99.87
  186      0.0021          99.87
  187      0.0023          99.87
  188      0.0032          99.87
  189      0.0032          99.87
  190      0.0022          99.87
  191      0.0024          99.87
  192      0.0023          99.87
  193      0.0032          99.87
  194      0.0035          99.87
  195      0.0023          99.87
  196      0.0035          99.87
  197      0.0031          99.87
  198      0.0021          99.87
  199      0.0023          99.87
  200      0.0022          99.87
  201      0.0024          99.87
  202      0.003          99.87
  203      0.0028          99.87
  204      0.0025          99.87
  205      0.0028          99.87
  206      0.0021          99.87
  207      0.0029          99.87
  208      0.003          99.87
  209      0.0027          99.87
  210      0.0046          99.87
  211      0.0035          99.87
  212      0.0022          99.87
  213      0.0025          99.87
  214      0.0026          99.87
  215      0.0054          99.87
  216      0.0056          99.87
  217      0.0022          99.87
  218      0.0021          99.87
  219      0.002          99.87
  220      0.003          99.87
  221      0.0034          99.87
  222      0.002          99.87
  223      0.0028          99.87
  224      0.0024          99.87
  225      0.0027          99.87
  226      0.0021          99.87
  227      0.0026          99.87
  228      0.0024          99.87
  229      0.0027          99.87
  230      0.0023          99.87
  231      0.0019          99.87
  232      0.0026          99.87
  233      0.0026          99.87
  234      0.0037          99.87
  235      0.0024          99.87
  236      0.002          99.87
  237      0.0027          99.87
  238      0.0022          99.87
  239      0.0021          99.87
  240      0.0027          99.87
  241      0.0029          99.87
  242      0.0028          99.87
  243      0.0022          99.87
  244      0.0021          99.87
  245      0.0032          99.87
  246      0.0027          99.87
  247      0.0026          99.87
  248      0.0025          99.87
  249      0.0042          99.87
  250      0.0027          99.87
  251      0.0024          99.87
  252      0.0026          99.87
  253      0.0032          99.87
  254      0.0024          99.87
  255      0.0022          99.87
  256      0.0025          99.87
  257      0.0021          99.87
  258      0.0025          99.87
  259      0.0025          99.87
  260      0.0019          99.87
  261      0.0029          99.87
  262      0.0018          99.87
  263      0.0025          99.87
  264      0.003          99.87
  265      0.0022          99.87
  266      0.0027          99.87
  267      0.0025          99.87
  268      0.002          99.87
  269      0.0031          99.87
  270      0.0022          99.87
  271      0.0019          99.87
  272      0.002          99.87
  273      0.002          99.87
  274      0.0026          99.87
  275      0.0026          99.87
  276      0.0022          99.87
  277      0.0026          99.87
  278      0.0023          99.87
  279      0.0024          99.87
  280      0.0023          99.87
  281      0.0026          99.87
  282      0.0022          99.87
  283      0.0023          99.87
  284      0.0026          99.87
  285      0.002          99.87
  286      0.0021          99.87
  287      0.0027          99.87
  288      0.0018          99.87
  289      0.0024          99.87
  290      0.003          99.87
  291      0.0025          99.87
  292      0.0022          99.87
  293      0.0023          99.87
  294      0.0018          99.87
  295      0.0024          99.87
  296      0.0022          99.87
  297      0.0021          99.87
  298      0.0019          99.87
  299      0.0023          99.87
  300      0.0023          99.87
  301      0.0059          99.87
  302      0.0032          99.87
  303      0.0028          99.87
  304      0.002          99.87
  305      0.0021          99.87
  306      0.0019          99.87
  307      0.0019          99.87
  308      0.0019          99.87
  309      0.0019          99.87
  310      0.0023          99.87
  311      0.0023          99.87
  312      0.0024          99.87
  313      0.0029          99.87
  314      0.0345          91.92
  315      0.6458          84.1
  316      0.3068          93.97
  317      0.1553          97.05
  318      0.077          99.1
  319      0.0356          99.87
  320      0.0209          99.74
  321      0.0126          99.87
  322      0.0096          99.87
  323      0.0112          99.87
  324      0.023          99.62
  325      0.018          99.74
  326      0.0111          99.62
  327      0.0222          99.62
  328      0.0111          99.74
  329      0.0164          99.49
  330      0.0106          99.74
  331      0.0093          99.62
  332      0.0121          99.74
  333      0.0055          99.87
  334      0.0044          99.87
  335      0.0034          99.87
  336      0.0045          99.87
  337      0.0032          99.87
  338      0.0041          99.87
  339      0.0067          99.87
  340      0.0062          99.87
  341      0.0039          99.87
  342      0.0038          99.87
  343      0.0042          99.87
  344      0.0052          99.87
  345      0.0045          99.87
  346      0.0037          99.87
  347      0.0028          99.87
  348      0.0033          99.87
  349      0.0032          99.87
  350      0.0027          99.87
  351      0.0025          99.87
  352      0.0027          99.87
  353      0.0031          99.87
  354      0.0025          99.87
  355      0.0026          99.87
  356      0.0023          99.87
  357      0.0026          99.87
  358      0.0023          99.87
  359      0.002          99.87
  360      0.0025          99.87
  361      0.0022          99.87
  362      0.0027          99.87
  363      0.0022          99.87
  364      0.0022          99.87
  365      0.0024          99.87
  366      0.0025          99.87
  367      0.0024          99.87
  368      0.0023          99.87
  369      0.0022          99.87
  370      0.003          99.87
  371      0.0027          99.87
  372      0.0022          99.87
  373      0.0028          99.87
  374      0.0024          99.87
  375      0.0029          99.87
  376      0.002          99.87
  377      0.0025          99.87
  378      0.0025          99.87
  379      0.0027          99.87
  380      0.0026          99.87
  381      0.0024          99.87
  382      0.0021          99.87
  383      0.0023          99.87
  384      0.0024          99.87
  385      0.0019          99.87
  386      0.0022          99.87
  387      0.003          99.87
  388      0.002          99.87
  389      0.0024          99.87
  390      0.0023          99.87
  391      0.0023          99.87
  392      0.0023          99.87
  393      0.0022          99.87
  394      0.002          99.87
  395      0.0021          99.87
  396      0.0022          99.87
  397      0.0026          99.87
  398      0.0024          99.87
  399      0.0022          99.87
  400      0.0024          99.87
  401      0.002          99.87
  402      0.0023          99.87
  403      0.0023          99.87
  404      0.0027          99.87
  405      0.002          99.87
  406      0.0024          99.87
  407      0.0024          99.87
  408      0.0019          99.87
  409      0.0025          99.87
  410      0.0028          99.87
  411      0.0032          99.87
  412      0.0023          99.87
  413      0.0037          99.87
  414      0.0028          99.87
  415      0.0026          99.87
  416      0.0022          99.87
  417      0.0026          99.87
  418      0.002          99.87
  419      0.002          99.87
  420      0.0018          99.87
  421      0.0051          99.87
  422      0.0049          99.87
  423      0.0025          99.87
  424      0.0019          99.87
  425      0.0032          99.87
  426      0.0029          99.87
  427      0.0025          99.87
  428      0.0019          99.87
  429      0.0023          99.87
  430      0.002          99.87
  431      0.0019          99.87
  432      0.0024          99.87
  433      0.003          99.87
  434      0.0023          99.87
  435      0.0022          99.87
  436      0.0022          99.87
  437      0.002          99.87
  438      0.002          99.87
  439      0.002          99.87
  440      0.0021          99.87
  441      0.0021          99.87
  442      0.0025          99.87
  443      0.0018          99.87
  444      0.0023          99.87
  445      0.0022          99.87
  446      0.0019          99.87
  447      0.002          99.87
  448      0.0041          99.87
  449      0.0034          99.87
  450      0.0025          99.87
  451      0.0024          99.87
  452      0.0023          99.87
  453      0.0021          99.87
  454      0.002          99.87
  455      0.0018          99.87
  456      0.0019          99.87
  457      0.0023          99.87
  458      0.0023          99.87
  459      0.0019          99.87
  460      0.0021          99.87
  461      0.002          99.87
  462      0.002          99.87
  463      0.0023          99.87
  464      0.0026          99.87
  465      0.0022          99.87
  466      0.0023          99.87
  467      0.0023          99.87
  468      0.0022          99.87
  469      0.0021          99.87
  470      0.0018          99.87
  471      0.0021          99.87
  472      0.0019          99.87
  473      0.0023          99.87
  474      0.002          99.87
  475      0.0018          99.87
  476      0.0021          99.87
  477      0.0019          99.87
  478      0.0023          99.87
  479      0.0019          99.87
  480      0.0018          99.87
  481      0.0018          99.87
  482      0.0018          99.87
  483      0.0048          99.87
  484      0.1741          92.69
  485      0.3372          90.0
  486      0.1816          97.69
  487      0.0615          99.36
  488      0.0246          99.36
  489      0.0152          99.74
  490      0.0129          99.74
  491      0.0116          99.74
  492      0.011          99.74
  493      0.0131          99.62
  494      0.0074          99.74
  495      0.0063          99.74
  496      0.0051          99.87
  497      0.0038          99.87
  498      0.0038          99.87
  499      0.0038          99.87
  500      0.0033          99.87
  501      0.0031          99.87
  502      0.0031          99.87
  503      0.0048          99.87
  504      0.0075          99.74
  505      0.008          99.74
  506      0.0067          99.74
  507      0.0043          99.87
  508      0.0066          99.87
  509      0.0037          99.87
  510      0.003          99.87
  511      0.0025          99.87
  512      0.0025          99.87
  513      0.0028          99.87
  514      0.0024          99.87
  515      0.0028          99.87
  516      0.0024          99.87
  517      0.0023          99.87
  518      0.0041          99.87
  519      0.0028          99.87
  520      0.0024          99.87
  521      0.0023          99.87
  522      0.0022          99.87
  523      0.0024          99.87
  524      0.0023          99.87
  525      0.0021          99.87
  526      0.0021          99.87
  527      0.0019          99.87
  528      0.0022          99.87
  529      0.0023          99.87
  530      0.0022          99.87
  531      0.0022          99.87
  532      0.0026          99.87
  533      0.0021          99.87
  534      0.0022          99.87
  535      0.0021          99.87
  536      0.0019          99.87
  537      0.002          99.87
  538      0.0019          99.87
  539      0.0022          99.87
  540      0.0021          99.87
  541      0.0019          99.87
  542      0.0023          99.87
  543      0.0024          99.87
  544      0.0026          99.87
  545      0.0023          99.87
  546      0.0021          99.87
  547      0.002          99.87
  548      0.0019          99.87
  549      0.0022          99.87
  550      0.0023          99.87
  551      0.002          99.87
  552      0.002          99.87
  553      0.0019          99.87
  554      0.002          99.87
  555      0.0019          99.87
  556      0.0019          99.87
  557      0.0022          99.87
  558      0.0019          99.87
  559      0.0021          99.87
  560      0.002          99.87
  561      0.002          99.87
  562      0.0019          99.87
  563      0.0023          99.87
  564      0.0032          99.87
  565      0.0025          99.87
  566      0.0027          99.87
  567      0.0021          99.87
  568      0.002          99.87
  569      0.0022          99.87
  570      0.0019          99.87
  571      0.0022          99.87
  572      0.0021          99.87
  573      0.0019          99.87
  574      0.0022          99.87
  575      0.0018          99.87
  576      0.0023          99.87
  577      0.0026          99.87
  578      0.0019          99.87
  579      0.0023          99.87
  580      0.0019          99.87
  581      0.0023          99.87
  582      0.0023          99.87
  583      0.0038          99.87
  584      0.0023          99.87
  585      0.0024          99.87
  586      0.0018          99.87
  587      0.0028          99.87
  588      0.0022          99.87
  589      0.0018          99.87
  590      0.0019          99.87
  591      0.0022          99.87
  592      0.0019          99.87
  593      0.0037          99.87
  594      0.0024          99.87
  595      0.0021          99.87
  596      0.002          99.87
  597      0.0023          99.87
  598      0.0019          99.87
  599      0.0021          99.87
  600      0.002          99.87
  601      0.0019          99.87
  602      0.0022          99.87
  603      0.0024          99.87
  604      0.0021          99.87
  605      0.0018          99.87
  606      0.0022          99.87
  607      0.0019          99.87
  608      0.0019          99.87
  609      0.0021          99.87
  610      0.002          99.87
  611      0.002          99.87
  612      0.0021          99.87
  613      0.002          99.87
  614      0.0021          99.87
  615      0.0022          99.87
  616      0.0018          99.87
  617      0.0018          99.87
  618      0.004          99.87
  619      0.002          99.87
  620      0.002          99.87
  621      0.0021          99.87
  622      0.0021          99.87
  623      0.0022          99.87
  624      0.0018          99.87
  625      0.0018          99.87
  626      0.0021          99.87
  627      0.0022          99.87
  628      0.0039          99.87
  629      0.0018          99.87
  630      0.0022          99.87
  631      0.002          99.87
  632      0.0018          99.87
  633      0.0018          99.87
  634      0.0019          99.87
  635      0.0038          99.87
  636      0.0045          99.87
  637      0.2645          82.44
  638      0.2361          96.67
  639      0.082          98.97
  640      0.0371          99.74
  641      0.0135          99.49
  642      0.0107          99.87
  643      0.0056          99.87
  644      0.0043          99.87
  645      0.0043          99.87
  646      0.0035          99.87
  647      0.0035          99.87
  648      0.0036          99.87
  649      0.0031          99.87
  650      0.0057          99.74
  651      0.0106          99.87
  652      0.0055          99.74
  653      0.0066          99.87
  654      0.0039          99.87
  655      0.0039          99.87
  656      0.003          99.87
  657      0.0026          99.87
  658      0.0026          99.87
  659      0.0027          99.87
  660      0.0027          99.87
  661      0.0025          99.87
  662      0.0027          99.87
  663      0.0024          99.87
  664      0.0022          99.87
  665      0.0021          99.87
  666      0.0022          99.87
  667      0.0023          99.87
  668      0.0022          99.87
  669      0.0022          99.87
  670      0.0023          99.87
  671      0.0024          99.87
  672      0.002          99.87
  673      0.0023          99.87
  674      0.0021          99.87
  675      0.002          99.87
  676      0.0021          99.87
  677      0.0022          99.87
  678      0.0019          99.87
  679      0.0021          99.87
  680      0.0022          99.87
  681      0.0024          99.87
  682      0.002          99.87
  683      0.0021          99.87
  684      0.0019          99.87
  685      0.0021          99.87
  686      0.0021          99.87
  687      0.0022          99.87
  688      0.002          99.87
  689      0.002          99.87
  690      0.002          99.87
  691      0.0021          99.87
  692      0.0019          99.87
  693      0.002          99.87
  694      0.0019          99.87
  695      0.0019          99.87
  696      0.0021          99.87
  697      0.0019          99.87
  698      0.0021          99.87
  699      0.0021          99.87
  700      0.0019          99.87
  701      0.0039          99.87
  702      0.002          99.87
  703      0.002          99.87
  704      0.002          99.87
  705      0.002          99.87
  706      0.002          99.87
  707      0.0022          99.87
  708      0.0021          99.87
  709      0.0018          99.87
  710      0.0021          99.87
  711      0.0019          99.87
  712      0.002          99.87
  713      0.0021          99.87
  714      0.0019          99.87
  715      0.0022          99.87
  716      0.002          99.87
  717      0.0019          99.87
  718      0.0018          99.87
  719      0.0021          99.87
  720      0.002          99.87
  721      0.0021          99.87
  722      0.0019          99.87
  723      0.0021          99.87
  724      0.0024          99.87
  725      0.0019          99.87
  726      0.002          99.87
  727      0.002          99.87
  728      0.0022          99.87
  729      0.002          99.87
  730      0.002          99.87
  731      0.002          99.87
  732      0.0019          99.87
  733      0.002          99.87
  734      0.0021          99.87
  735      0.002          99.87
  736      0.0019          99.87
  737      0.0019          99.87
  738      0.002          99.87
  739      0.0019          99.87
  740      0.0019          99.87
  741      0.0022          99.87
  742      0.0018          99.87
  743      0.0021          99.87
  744      0.0019          99.87
  745      0.002          99.87
  746      0.002          99.87
  747      0.002          99.87
  748      0.0019          99.87
  749      0.0019          99.87
  750      0.0021          99.87
  751      0.0022          99.87
  752      0.0021          99.87
  753      0.0057          99.87
  754      0.0047          99.49
  755      0.1118          96.41
  756      0.1428          93.33
  757      0.1013          98.46
  758      0.0835          99.49
  759      0.0221          99.49
  760      0.0149          99.87
  761      0.0124          99.87
  762      0.0145          99.62
  763      0.0116          99.87
  764      0.0059          99.74
  765      0.0046          99.74
  766      0.0042          99.87
  767      0.0039          99.87
  768      0.0039          99.87
  769      0.0035          99.87
  770      0.0032          99.87
  771      0.0026          99.87
  772      0.0027          99.87
  773      0.0026          99.87
  774      0.0023          99.87
  775      0.0022          99.87
  776      0.0023          99.87
  777      0.002          99.87
  778      0.0021          99.87
  779      0.0021          99.87
  780      0.002          99.87
  781      0.0021          99.87
  782      0.0022          99.87
  783      0.0022          99.87
  784      0.0021          99.87
  785      0.0022          99.87
  786      0.0022          99.87
  787      0.0043          99.87
  788      0.0025          99.87
  789      0.0021          99.87
  790      0.0019          99.87
  791      0.0021          99.87
  792      0.002          99.87
  793      0.0019          99.87
  794      0.0019          99.87
  795      0.002          99.87
  796      0.002          99.87
  797      0.002          99.87
  798      0.0019          99.87
  799      0.0018          99.87
  800      0.0019          99.87
  801      0.004          99.87
  802      0.0027          99.87
  803      0.0022          99.87
  804      0.002          99.87
  805      0.002          99.87
  806      0.0019          99.87
  807      0.0018          99.87
  808      0.0019          99.87
  809      0.0019          99.87
  810      0.0018          99.87

